17113630
16808902
17012391
17113621
17115430
16886460
16988421
16991996
16989024
16998005
17042653
17042654
16819904
17044915
17066537
16808904
16885182
16933259
16924256
16931594
16882055
17105842
16949640
17054611
17017981
17082905
17082902
17085466
16920000
16949641
17017978
17056540
17056544
16882056
16882058
17056524
16949638
16954892
16954895
17102406
17054358
17056536
17056547
17017977
17056552
17056550
17056532
17029671
17056542
17056526
17017980
17056538
17056528
17056548
17056534
17056530
16949639
17059593
17102063
17119345
17132649
17102044
16935069
16935070
16949633
16949636
16935073
16949634
16949635
16935072
16935071
16949637
16935068
16949632
16957423
16900967
17081456
17017982
17017979
17017976
17021396
17066248
17102166
17021389
17037366
16865957
16964590
17021398
17021408
17067254
17071631
17050461
16983971
16910904
16867695
17080461
17032442
17087181
17052080
17008964
17029966
16965352
17080470
16819470
16819471
17074509
17024425
17084876
16964591
16964589
16946345
17021510
16965354
16946336
16946338
16946337
17054198
17054197
17081625
17081952
17069260
17054664
17054665
17054666
17054192
17054194
17054195
17058067
17054196
17069255
17069252
17037368
17066245
17132033
17011999
17069257
17069258
17074614
17069256
17069253
17037531
17037532
17037533
17037534
17074615
17048733
17099134
17066244
17081985
17057678
17011997
17074613
17069254
17045427
17011998
17069259
17081623
16847118
16985934
17081624
17012008
17081627
17081626
17093591
17056587
17099132
16933265
17102163
17081631
17081629
17102159
16864619
16864621
16864626
16864627
16864628
16864629
16864624
16864625
16864620
16864623
16864622
17051295
16884366
17081633
17132798
16857672
17012006
17071940
16931611
17081632
16933267
17107615
17132793
17012007
17067473
17081634
17066301
17066302
17066303
17067475
16951795
16951796
16951797
16951798
16951799
17081630
16935698
17012005
17067471
17099131
17102164
17082933
17082932
17082931
17081628
17048355
17045456
17059237
17059238
16948239
16948240
17048737
16857671
17059240
16948242
17097347
17097348
17097349
17097346
17097345
17097343
16938018
17097344
17048354
16948235
16851779
17020244
16935863
16935861
16935856
16935869
17020247
16935864
16935873
16935868
16935871
16935866
16935862
16935872
16935867
16935870
16935865
16935851
17020249
17020246
17020248
17020245
16935860
16935855
16935858
16935853
16942917
16942919
16942918
16942916
17113295
16938019
16948230
16990395
16948236
17007895
16990332
17082017
16948237
17059236
17059235
17059239
16996238
16948241
17012072
17012066
16942915
17021102
16942910
16942909
16942904
16942897
16942896
16942901
16942900
16942899
16942898
16942903
16942902
17021098
16942905
16942911
17021099
16942907
16942913
16948234
16990333
16833579
16833577
16833575
16833580
16833576
16833578
16938765
16938763
16938000
16938759
16938761
16938004
16938762
16938760
16938757
17021097
16938009
16938766
16938758
16937995
16938005
16938764
16937999
16938015
16937997
16938002
16938007
16938017
16938014
16938010
16938012
16938021
16938022
17048351
16938020
16947962
16831150
16946872
16848156
16848155
16848150
16848149
16848146
16848145
16848152
16848151
16848148
16848147
16848154
16848153
16935849
16935847
17048357
16948232
16948233
17011374
16935850
16935848
17042684
17042682
17042685
17042683
17042686
17042687
17097327
17004695
17077995
16973942
16985950
16985951
16887865
16819906
17088740
16819913
16956866
16819910
16857326
16857283
17087918
17045713
16933257
16857284
16935066
17091517
16895268
16857285
16935067
17082903
17082908
17085465
17091513
17111251
17082909
17082916
17087926
17105583
17105577
17105580
17105586
17105588
16969129
16969133
16969135
16969136
16969137
17105621
17105591
17105594
17105597
16969131
17105600
17105603
17105606
17105609
17105612
17105615
17105618
17105624
17105627
17105630
17105633
17050790
17050785
16977663
16977661
17021108
16977666
16977654
16926006
16926010
16926008
16926020
16926013
16977658
16977665
17050681
17021107
16926004
17050685
17050689
16977660
16977662
16977655
17021106
16977656
17050691
16977664
16977659
16977657
17082910
17082915
16857335
17088739
17091516
17091519
16924257
17087927
17087928
