354583
1079071
1036571
1514283
775535
1107593
940161
927676
859824
1527695
955435
128617
412551
259832
1041000
2232885
362994
18466
846205
1344285
1046933
1237706
17983
583478
1080278
573773
377424
1460623
1342436
914478
1344284
1045021
1099369
886134
903399
956645
1589197
598551
1058220
977901
939714
908156
324714
1455052
594890
348747
628795
121551
1034691
212960
1098694
370277
939856
1090368
1344282
151381
1344283
1364126
885695
1090365
1051369
1090370
1025000
1159990
1045023
1585758
1090372
1325749
1024758
1322923
2345675
1024763
948921
1421379
1046884
1039489
2398240
1596709
1039485
1884401
2345054
2345052
1884403
2345055
1884400
2345053
2345056
367217
1875606
1832749
1832750
315893
1542993
535559
367399
430202
129288
1531988
1035827
1497290
1829614
1367350
1052744
396915
121205
1367548
1367552
1313583
1832751
1469228
715868
582512
2281718
636090
367221
622920
368857
315891
715867
826071
1542994
367222
367224
367223
914020
2391679
129327
367383
968886
135645
632273
1542995
1395411
1706771
438629
181662
2258188
166499
165480
1169935
121178
260288
2286374
10
588968
715869
826078
367424
1105637
107705
15
912857
912863
1313562
914021
914022
1416973
1040998
2274851
367372
289414
1608858
492298
213690
1608859
336783
776783
913954
968888
913997
1407388
1660576
1255799
1660575
1255796
1407390
1660574
1255801
553919
367234
107315
367235
129289
1608867
1870055
480484
1055929
1469229
715870
146482
109780
1314200
1367348
1367346
543404
1542996
1531986
367284
582511
360990
367285
360988
430203
1367360
1706772
1313585
931690
107311
1513799
131473
931698
1313572
1736101
131460
1428982
131459
131478
762621
762872
1428981
2250655
715871
1829008
367326
135620
135628
131476
1169937
931684
1367547
315894
397000
1076633
925687
924969
924972
401319
367340
367290
803711
925680
430204
1052185
715872
396992
446696
250792
146484
1373868
146488
430205
396930
367356
367292
415739
638062
638063
638064
139878
856235
1367543
192359
214532
551028
186796
1367444
1367331
129285
1739170
1823060
396947
396944
582513
674080
1317262
761971
367230
396991
2346343
2346344
1313570
315890
1310532
443822
367358
1631465
1319978
166500
1497289
803712
400126
400125
400115
400112
400123
243035
367418
400060
400059
400053
400049
400054
400097
400096
400094
400080
400095
446784
867513
1542997
1542998
949873
730445
1542999
1346437
129273
2054581
397005
1665721
1608857
1832752
430215
715873
1631473
367414
1631454
968877
1287136
360996
594847
706787
706785
706777
706767
706784
798942
1367370
1313520
1313577
1631445
1631471
250789
1867563
367308
367309
367411
925689
430206
290067
1456658
1456661
1456662
1456660
1456659
203439
1342814
430213
385457
385462
297144
146486
385456
385461
297148
385454
385459
297145
367313
385453
385458
297164
385455
385460
297146
1736102
715874
1052190
396936
396924
1531984
1174174
1174171
1174172
1174173
1174176
1174175
1523457
397004
944559
1723056
367423
168295
798943
1751181
1860035
718991
107706
367323
518465
1608864
166498
1313851
1750510
1875598
1867558
776782
1469230
1543000
1319976
1367555
386378
1342211
1608510
533203
719087
728505
777437
728504
1531983
1055458
367377
616993
1739163
1531987
297178
297180
297179
127533
1035720
715875
914023
715876
215017
215019
215011
215013
1318386
368851
913953
582510
582509
1416969
1543001
1675331
1543002
1867547
1169939
1748329
955043
1706770
1375613
396962
1543003
1543004
367232
367339
759655
396919
396920
1395410
1550200
1550198
1550194
1550196
624328
214531
2274856
367342
2280302
758271
2280299
163728
706843
706839
706798
706794
706836
597970
706840
706837
706796
706790
706825
1035823
1435895
706842
706838
706797
706792
706835
1631461
639691
430214
295770
320418
1650013
1832754
1867555
1750509
1631450
396923
1040983
360986
1867551
367419
397007
728507
1608861
1314201
367352
131465
1543005
1367554
183362
1174340
126588
430207
397017
367307
396948
367354
690865
367376
1313575
367355
594846
597982
492297
367362
931696
321280
1641188
1867560
2280298
1367546
673620
367359
806747
730950
730948
730949
2211851
403693
2274854
397016
1556107
1310599
1463079
798944
1543006
1367368
1367471
1367485
367382
988607
758491
1608856
215015
215014
215016
215018
215010
215012
968883
2280300
2280303
2280301
165621
1076632
2069293
2069292
2069291
1351992
1495105
618143
131466
1333356
1395378
250790
250791
1648283
1523458
367427
1543007
367428
430209
315892
728506
1314180
931716
1469233
1756302
2043181
1631458
260290
492299
755806
1052192
1342813
2015539
2015541
2015540
2015543
2015542
2015545
2015546
2015544
2015547
2400363
2015548
2015549
2015550
2015551
2015552
2400364
2015553
2015554
2015555
2015557
2015556
2015558
2015559
2015560
2015561
2015562
2015563
2015564
2015565
2400361
2015566
2015567
2015568
2015569
2015537
2400359
2015538
2015571
2400360
2015570
593502
1270450
367370
533195
261142
309992
309993
309994
1270402
715878
1052188
397019
396939
1367551
367412
396945
396925
912682
214282
572209
396941
396949
1631456
215009
1608866
1608863
1608862
1608865
332680
1739168
250795
297181
1543008
1739171
297183
250793
250794
297182
1543009
1676383
1469234
367375
1543010
215021
430210
471460
367226
403695
1416970
396999
1543011
367338
1867569
826074
367320
1884783
1874535
1335603
851828
367329
396950
1740299
1706769
968875
131481
1648281
706765
706764
706760
706758
706762
1648279
1559642
367380
2277872
367381
1631463
962497
962494
139877
1531985
1631469
1631452
1608860
129290
963248
367386
367385
1706773
397006
1677960
925688
367403
367388
367402
1435894
974378
1695731
1469236
367406
925686
367390
367404
1310529
1631467
367357
367392
629991
762616
762871
1543012
931680
1035825
931686
931692
931694
186795
638088
676087
655756
655760
676085
655758
988603
1041008
1676046
931710
931682
931702
931708
215020
307827
395939
726599
573870
626333
1659781
1726630
1726626
1988069
415742
1703157
913457
912864
1875602
139876
365182
365178
913458
912865
913955
1463078
706754
706753
706751
706750
706752
173823
912877
367397
471459
1668354
367389
1668355
1668353
1367553
1646227
1048073
315895
2274858
367422
121179
1463080
260289
1428983
1729236
1367319
1367322
935423
798870
406922
523189
1164523
2047144
409897
1149709
1146776
1466593
119036
863366
1648910
609307
1098870
435001
1439523
300501
1087459
246845
574462
1732898
767923
524658
1655666
1043661
1907933
277324
406935
1644145
1469059
435832
1684019
993381
435839
867424
867441
955021
561346
561347
183750
657154
657153
924361
1172661
410859
820833
436848
924369
134032
1675278
935184
281296
980078
1297236
194560
1655665
517641
2004921
1655667
1788865
277331
410836
1703412
1668209
1721742
1901454
1788076
630078
628592
271354
1545181
1850104
1044862
1739137
1433240
583067
1934245
987356
597914
1160307
1725279
1506187
322522
560389
1045368
1226905
1688901
435844
1788572
1327180
1317190
1850096
1616969
1616957
792319
1006984
1049225
451692
274912
1850110
103861
1664504
955036
957364
1120297
378863
1590330
435869
1015532
656088
924363
778545
435854
1216959
278052
1052063
257974
1469045
434484
1695828
1655668
738949
646058
408025
515453
925965
436852
2258964
1655664
375502
1444679
460092
1028707
2279531
778578
1781656
888126
888127
1115041
410847
567352
1771251
442780
278386
2351986
410858
1533451
1851313
1571963
1655669
1973669
534473
1496075
1328083
1683837
435773
435777
1286188
1000241
1935532
1342810
410837
427404
2063016
406923
436927
1341632
1703676
1703675
661210
1253957
1081787
2035635
665415
1013237
596467
1682545
1753017
1899360
1899361
776058
398971
1612600
728920
119700
728508
885974
493479
1612602
2252155
434989
434979
434992
655454
1906168
1832713
1120288
849566
852130
852138
139871
1096163
1692396
1692400
1692401
546651
1732889
1647261
1620533
1620535
1620534
1620544
1734514
1734515
1899364
1899363
1832715
1294117
1312909
1312901
966263
966264
966265
966266
966267
966268
966269
966270
966271
871827
1553543
1451899
1634659
2142222
1899358
1899359
284412
420050
691230
1113379
468986
2214278
1542944
1542942
1542943
1542945
1542946
1120283
1128851
325161
1506868
1506866
1506867
1899362
1469094
1565119
370639
574488
186892
804327
1451898
1120291
728509
1469037
1787005
1692387
1692393
1692392
355798
776070
1149660
1342802
1906167
1474936
468978
1270577
871822
1832714
1351912
728511
1934248
1906169
468994
1726561
1476061
1832712
129414
1474787
1787006
1590980
1590981
1590982
1590983
1590984
1590985
938114
938113
1079192
1732890
957379
1331275
1331291
1331297
728510
1787007
1363143
1476062
1734513
1753763
1516361
1012639
1806329
1636901
830353
1124540
1126136
997096
997098
997097
1085532
574475
2138658
119701
1194087
1740380
1754402
1754404
1754403
1330893
999084
1330894
1084245
1076886
574474
406789
406834
406835
871823
871824
1732891
1013245
1906166
468995
2392079
1436077
1149702
849605
1480351
1480359
1480352
1480349
1480354
1480346
1480353
1480348
1480357
1480350
1480347
1480358
1480355
1480356
2344565
949032
949034
949035
949036
949037
949038
949039
949040
949078
949079
2294225
1452673
1452676
1421498
1155292
705969
972381
1941600
1941592
1941584
1941573
1941563
1941603
1452681
1452683
1149916
978100
886113
279161
955044
1013944
1699297
295648
165092
1829598
1345791
2187797
254037
117457
1590281
1974086
177375
1760545
1634661
111105
111107
111108
111106
2020601
2214273
967511
1318564
109584
1342808
1020728
1012640
1469038
1730518
446690
583489
583490
583491
583492
583493
583494
583495
583496
583497
583498
1486259
1048450
177343
600707
600711
600712
600713
600714
600715
600716
600717
600718
600719
1048449
254036
1859849
414496
1330800
1575460
1596607
1596625
292423
1735608
1400905
430098
1400904
583071
1120278
400143
177344
608062
1860589
1025875
1699299
1859937
1859936
1859867
1769945
1769946
1769953
1769952
1769950
1769949
1769948
1769947
1742844
1924320
1924319
1924318
1924317
1924316
1924315
1907926
1846824
1846822
1846820
1596621
1596610
1592774
1592761
1592743
1937531
1008107
2025776
1726548
565755
1735716
1908565
1908563
583505
583504
583503
583502
583501
583500
583499
693200
427403
2028630
1740331
203009
195949
730859
1690542
938555
1734295
1888105
1884610
1644144
179515
1999018
351850
1378017
955048
1924326
1596654
1596637
1592759
1592715
1575478
468976
1387238
196688
1378156
337154
2205348
2198609
2198605
2048613
1351910
2040559
1859848
971978
1759092
177342
1316915
1556096
1992639
1829601
1829600
1155082
986585
1149719
825292
1840152
1592772
1592754
1592737
1726551
971977
1616966
1616968
1616967
177346
1280142
177345
1374012
430097
1735609
2051349
1616926
1120293
1660850
1660849
2063104
1090374
1862593
1781273
953702
939775
2040560
1769920
1128814
1318557
1149730
1469071
214997
111109
1596642
1592768
1592741
1592731
1575466
600682
600681
600680
600679
600678
600677
600676
600675
1859847
2243830
600704
600703
600702
600701
600700
600699
600698
600697
600696
2214274
1843860
1232679
1829599
1079726
1120292
1859938
420049
111103
608054
608053
608052
576761
279162
600690
600689
600688
600687
600685
583488
583487
583486
583485
583484
583483
583482
583481
583480
583479
1269511
1269510
1269509
1269508
1269507
657285
657284
657283
657289
657288
657287
657286
673619
673618
673617
1333039
1149721
1596632
1596618
1596612
1596605
1596602
1269518
1269517
1269514
583518
1749741
1733096
988623
1289973
144433
144434
467870
717028
2324094
1359699
2291775
1330948
1330947
1352521
938118
317102
1783053
2324089
1032448
1202321
1566999
1011084
1783034
1727741
924406
924217
1262228
912875
2237411
1032452
2038396
2038399
1479971
1346438
868710
2002091
732558
1647064
1011077
1527087
1315052
1618448
1300062
1011080
945944
2279029
2279032
2279028
2279031
2279030
2279033
2279026
2279027
1490942
1826296
2207791
1826297
1826298
1826299
1383988
1137388
1011079
127355
1168323
1172168
1168327
1168325
1168326
1168324
1647062
1221426
1403917
634007
665816
1618452
1458680
717047
717046
717041
2324091
717035
717034
717042
2324092
717036
717037
717038
2324093
1723172
1723174
1690547
1690545
1783052
1826308
1783042
1756428
1826309
1188813
1783044
1756426
1826310
1756422
1749524
1756424
1783046
2070419
1335671
1826311
1383984
1188811
1783048
1783051
1848008
214530
1861556
1861553
732557
912871
471724
1854440
1098698
929324
1201948
2324101
938116
1038762
1375184
1135577
1793819
931598
931600
2324100
1146553
1263287
924408
1404162
2127292
2127293
1033110
493528
1148097
946961
1008311
1880248
1880249
1880250
1880251
1880252
2345636
1188422
1011076
1359696
493548
1783036
1727739
737101
1655510
1583308
2243837
2243834
2243835
2243836
1567010
1567011
1011078
529805
846532
1848007
732559
908161
1137387
737102
2251358
1193645
1173432
1173433
1567004
1135579
1473140
1401304
1432486
1473141
2324087
1543016
1364111
2127294
2127296
978165
304415
942728
2127295
2127297
506310
2284122
471733
506311
506308
506307
2284121
2324104
506309
1567003
1406151
1792806
2054554
1792716
103784
1390324
1337333
1481658
868698
1990508
1172589
2089382
1844921
386924
935169
341700
493523
309555
341698
341697
341699
1476910
1476908
2324095
938365
1196273
202452
938363
1843734
1843732
1586112
2324099
685070
1835906
1783037
2324098
685067
1337252
665815
669374
1521834
1809287
448440
304417
1463810
2070416
1335668
1314171
728073
255351
1674003
1640918
1640917
1640913
688559
1270581
214421
1631253
1631223
1631249
1631247
1313879
1313876
1313874
1313877
1313875
1313878
1631251
1631245
1293521
1817781
1817782
1817783
1817784
1817785
1802892
639067
1038760
274988
1140742
651858
988624
1861554
988626
688560
2324103
766319
304443
717026
2289885
1631255
1631257
1631259
471726
935167
1011081
1403915
1155707
1369483
924197
912681
912680
912679
193829
1369486
1567005
908160
1861552
1861555
261023
1567013
1473142
1567012
1149029
1149028
1348634
304416
942730
2396118
1784323
289138
2396126
1784345
2396125
1784343
2396121
1784329
2396127
1784347
2396132
2280282
2396131
1784351
2396120
1784327
2396123
1784333
2396115
1784321
2396124
1784341
2396122
1784331
2396119
1784325
2396116
1784320
1784335
2396129
1784337
2396128
1784349
2396130
1784339
493530
737100
1032450
917445
1603956
1603946
1603958
1603948
1603954
1603950
1603952
1617006
1227037
1395394
1395391
1395389
1395392
1395390
1395393
1313873
1313870
1313868
1313871
1313869
1313872
2398287
1313858
1313866
2398283
1313853
2398285
1313865
2398284
1313861
2398286
1313855
1355801
471729
1138843
1270118
1585909
471737
1140744
1812698
669376
1033109
2324097
1047585
1011075
2324102
236134
620211
2284138
329601
126679
620215
620213
2284136
2252670
2284135
2324088
1924931
1115044
2284137
1396496
2284147
2284134
429299
1935439
532916
1935443
532918
1548154
2324096
509708
561756
493529
912873
1146551
2324090
1098700
929326
341701
493531
1395397
2398288
1395395
2398290
1395398
2398289
1395396
2398291
1395399
2398292
1395400
914519
271717
1783038
1783050
2073168
914517
1351900
128619
2383187
315015
598556
128618
2383211
127609
127606
2383210
1616863
127608
128620
1655760
1058218
226747
204727
1036572
1616866
830584
2396583
2113856
1058222
1480242
906423
792727
701694
1204978
1594764
2383209
483300
550378
1543526
1818570
914041
1593451
955436
651852
1058712
827569
944942
1600098
830371
1606735
384563
408432
408433
417267
121783
1041001
128627
2383208
285125
2400091
2219
2400044
2041014
303441
1174163
334011
363241
195556
931688
363243
363242
209140
336905
478477
289087
1844718
330792
222916
303423
1839042
209142
363171
210808
363173
2400051
363175
780888
1012782
1851411
604600
209143
289090
209144
209134
209146
1687769
1404171
195575
2242
1378089
289081
289084
478478
1053331
1733095
955012
2164
1053333
2400076
222911
1373631
674116
363250
2078
2023935
2136
209076
931704
2189
292424
1676458
1676457
1676459
1591222
403658
147573
363188
1839043
979533
1522451
1851409
1053338
1669501
289106
304056
209148
1020716
1020717
1020715
1020713
1020714
141202
1913810
2400142
2400143
2400141
1851356
2135
2171
1542941
1542935
1542936
1542937
1542938
1542939
1542940
1542948
1542947
1542949
209149
209150
1057111
2080
2192
2187
222905
2189341
2189342
929640
222917
334032
2188
363252
210809
1028075
1704002
1851408
210811
2163
363253
303442
2353620
289086
209151
2211852
1729431
289091
209153
2397840
209147
2168974
1335638
931049
209154
289088
967927
97395
295776
295773
295775
334021
2110
363181
2074
2190
2162
363255
2134
1729430
1759030
209136
209137
1497288
931706
1264744
210813
363176
363180
363178
2400059
222912
2151390
147543
145218
209158
289083
289085
478480
289104
363276
303439
289130
1792808
2137
917571
363192
2087
289114
289089
1333335
931712
222906
2165
1827499
363196
406831
209152
222908
222907
223527
2138
324774
145206
289093
478479
931714
209138
2400045
222910
1493583
890909
1793220
646340
1851405
2161
651851
2072
1053337
352016
304057
222915
2191
2076
222913
1851410
1851406
1851407
419151
2064746
222914
467855
1378036
292448
289109
289133
363278
222909
