16793095
16785656
16812942
16785696
16785692
16842935
16786978
16779408
16811039
16845244
16812756
16779393
16779395
16786762
16847677
16845243
16842412
16831968
16784681
16812902
16808736
16812868
16812867
16843060
16846960
16812866
16845398
16845399
16845400
16818145
16779731
16793979
16845266
16818899
16812898
16811594
16811596
16812993
16812995
16811583
16811588
16811592
16811586
16811590
16811598
16827771
16827770
16827766
16779797
16779745
16793973
16779734
16779712
16779701
16831074
16779830
16779812
16779768
16783836
16797458
