118646041
118646042
118646043
118646044
118646045
118646046
118646047
118646048
118646049
118646050
118646051
118646052
118646053
118646054
118646055
118646056
118646057
118646058
118646060
118646061
118646062
118646063
118646064
118646065
118646066
118646067
118646068
118646069
118646070
118646071
118646072
118646073
118646074
118646075
118646076
118646077
118646078
118646079
118646080
118646081
118646082
118646083
118646084
118646085
118646086
118646087
118646088
118646089
118646090
118646091
118646092
118646093
118646094
118646095
118646096
118646098
118646099
118646100
118646101
118646102
118646103
118646104
118646105
118646106
118646107
118646109
118646110
118646111
118646113
118646114
118646115
118646116
118646117
118646118
118646119
118646120
118646121
118646122
118646123
118646124
118646125
118646126
118646127
118646130
118646131
118646133
118646134
118646135
118646137
118646138
118646139
118646140
118646141
118646142
118646143
118646144
118646145
118646146
118646147
118646148
118646149
118646150
118646151
118646152
118646153
118646154
118646155
118646156
118646157
118646158
118646159
118646160
118646161
118646162
118646163
118646164
118646165
118646166
118646167
118646168
118646169
118646171
118646172
118646174
118646175
118646176
118646177
118646178
118646179
118646180
118646181
118646182
118646183
118646184
118646185
118646186
118646187
118646188
118646189
118646190
118646191
118646192
118646193
118646194
118646195
118646196
118646197
118646198
118646199
118646200
118646201
118646202
118646203
118646204
118646205
118646206
118646207
118646208
118646209
118646210
118646211
118646212
118646213
118646214
118646215
118646216
118646217
118646218
118646219
118646220
118646221
118646222
118646223
118646224
118646225
118646226
118646227
118646228
118646229
118646230
118646231
118646232
118646233
118646234
118646235
118646236
118646237
118646238
118646239
118646240
118646241
118646242
118646243
118646244
118646245
118646246
118646247
118646248
118646249
118646250
118646251
118646252
118646253