118646041
118646042
118646043
118646044
118646045
118646046
118646047
118646048
118646049
118646050
118646051
118646052
118646053
118646054
118646055
118646056
118646057
118646058
118646060
118646061
118646062
118646063
118646064
118646065
118646066
118646067
118646068
118646069
118646070
118646071
118646072
118646073
118646074
118646075
118646076
118646077
118646078
118646079
118646080
118646081
118646082
118646083
118646084
118646085
118646086
118646087
118646088
118646089
118646090
118646091
118646092
118646093
118646094
118646095
118646096
118646098
118646099
118646100
118646101
118646102
118646103
118646104
118646105
118646106
118646107
118646109
118646110
118646111
118646113
118646114
118646115
118646116
118646117
118646118
118646119
118646120
118646121
118646122
118646123
118646124
118646125
118646126
118646127
118646130
118646131
118646133
118646134
118646135
118646137
118646138
118646139
118646140
118646141
118646142
118646143
118646144
118646145
118646146
118646147
118646148
118646149
118646150
118646151
118646152
118646153
118646154
118646155
118646156
118646157
118646158
118646159
118646160
118646161
118646162
118646163
118646164
118646165
118646166
118646167
118646168
118646169
118646171
118646172
118646174
118646175
118646176
118646177
118646178
118646179
118646180
118646181
118646182
118646183
118646184
118646185
118646186
118646187
118646188
118646189
118646190
118646191
118646192
118646193
118646194
118646195
118646196
118646197
118646198
118646199
118646200
118646201
118646202
118646203
118646204
118646205
118646206
118646207
118646208
118646209
118646210
118646211
118646212
118646213
118646214
118646215
118646216
118646217
118646218
118646219
118646220
118646221
118646222
118646223
118646224
118646225
118646226
118646227
118646228
118646229
118646230
118646231
118646232
118646233
118646234
118646235
118646236
118646237
118646238
118646239
118646240
118646241
118646242
118646243
118646244
118646245
118646246
118646247
118646248
118646249
118646250
118646251
118646252
118646253
118646254
118646255
118646256
118646257
118646258
118646259
118646260
118646261
118646262
118646263
118646264
118646265
118646266
118646267
118646268
118646269
118646270
118646271
118646272
118646273
118646274
118646275
118646276
118646277
118646278
118646279
118646280
118646281
118646282
118646283
118646284
118646285
118646287
118646288
118646289
118646290
118646291
118646292
118646293
118646294
118646295
118646296
118646297
118646298
118646299
118646301
118646302
118646303
118646305
118646306
118646307
118646308
118646309
118646310
118646311
118646312
118646313
118646315
118646316
118646317
118646318
118646319
118646320
118646321
118646323
118646324
118646325
118646326
118646327
118646328
118646329
118646330
118646331
118646332
118646333
118646334
118646336
118646337
118646338
118646341
118646342
118646343
118646344
118646345
118646346
118646347
118646348
118646349
118646350
118646351
118646352
118646353
118646354
118646355
118646356
118646357
118646358
118646359
118646360
118646361
118646362
118646363
118646364
118646365
118646366
118646367
118646368
118646369
118646370
118646371
118646372
118646373
118646374
118646375
118646376
118646377
118646378
118646379
118646380
118646381
118646382
118646383
118646384
118646385
118646386
118646387
118646388
118646389
118646390
118646391
118646392
118646393
118646394
118646395
118646396
118646397
118646398
118646399
118646400
118646401
118646402
118646403
118646404
118646405
118646406
118646407
118646408
118646409
118646410
118646411
118646412
118646413
118646414
118646415
118646416
118646417
118646418
118646419
118646420
118646421
118646422
118646423
118646424
118646425
118646426
118646427
118646428
118646429
118646430
118646432
118646433
118646434
118646435
118646436
118646437
118646438
118646439
118646440
118646441
118646442
118646443
118646444
118646445
118646446
118646447
118646448
118646449
118646450
118646451
118646452
118646453
118646454
118646455
118646456
118646457
118646458
118646459
118646460
118646461
118646462
118646463
118646464
118646465
118646466
118646467
118646468
118646469
118646470
118646471
118646472
118646473
118646474
118646475
118646476
118646477
118646478
118646479
118646480
118646481
118646482
118646483
118646484
118646485
118646486
118646487
118646488
118646489
118646490
118646491
118646492
118646493
118646494
118646495
118646496
118646497
118646498
118646499
118646500
118646502
118646503
118646504
118646505
118646506
118646507
118646508
118646510
118646511
118646512
118646513
118646514
118646515
118646516
118646517
118646518
118646520
118646521
118646522
118646524
118646525
118646526
118646527
118646528
118646529
118646530
118646531
118646532
118646534
118646535
118646536
118646539
118646540
118646541
118646542
118646543
118646544
118646545
118646546
118646547
118646548
118646549
118646550
118646551
118646552
118646553
118646554
118646555
118646556
118646557
118646558
118646559
118646560
118646561
118646562
118646563
118646564
118646565
118646566
118646567
118646568
118646569
118646570
118646572
118646573
118646574
118646575
118646576
118646577
118646579
118646580
118646581
118646583
118646584
118646585
118646587
118646588
118646589
118646590
118646592
118646593
118646594
118646595
118646596
118646597
118646599
118646600
118646601
118646602
118646603
118646604
118646605
118646606
118646607
118646608
118646609
118646610
118646611
118646612
118646613
118646614
118646615
118646616
118646617
118646618
118646619
118646620
118646621
118646622
118646624
118646625
118646626
118646627
118646629
118646630
118646631
118646633
118646634
118646635
118646636
118646637
118646638
118646639
118646640
118646641
118646642
118646643
118646644
118646645
118646646
118646647
118646648
118646649
118646650
118646651
118646652
118646653
118646654
118646655
118646656
118646657
118646658
118646659
118646660
118646661
118646662
118646663
118646664
118646665
118646666
118646667
118646668
118646669
118646670
118646671
118646672
118646673
118646674
118646675
118646676
118646677
118646678
118646679
118646680
118646681
118646682
118646683
118646684
118646685
118646686
118646688
118646689
118646690
118646691
118646692
118646694
118646695
118646696
118646697
118646698
118646699
118646700
118646701
118646702
118646703
118646704
118646705
118646707
118646708
118646709
118646710
118646711
118646712
118646713
118646715
118646717
118646718
118646719
118646721
118646722
118646723
118646724
118646726
118646727
118646728
118646729
118646730
118646732
118646733
118646734
118646735
118646737
118646738
118646739
118646741
118646742
118646743
118646744
118646745
118646746
118646747
118646748
118646749
118646750
118646751
118646752
118646753
118646754
118646755
118646756
118646757
118646758
118646759
118646760
118646761
118646762
118646763
118646764
118646765
118646766
118646767
118646768
118646769
118646770
118646771
118646772
118646773
118646774
118646775
118646776
118646777
118646778
118646779
118646780
118646781
118646782
118646783
118646785
118646786
118646787
118646789
118646790
118646791
118646792
118646793
118646794
118646795
118646796
118646797
118646798
118646799
118646800
118646801
118646802
118646803
118646804
118646805
118646806
118646807
118646808
118646809
118646810
118646811
118646812
118646813
118646814
118646815
118646816
118646817
118646818
118646819
118646820
118646821
118646822
118646823
118646825
118646826
118646827
118646828
118646829
118646830
118646831
118646832
118646833
118646835
118646836
118646837
118646838
118646839
118646841
118646842
118646843
118646844
118646845
118646846
118646847
118646848
118646849
118646850
118646851
118646852
118646853
118646854
118646855
118646856
118646857
118646858
118646859
118646860
118646861
118646862
118646864
118646865
118646866
118646867
118646868
118646869
118646870
118646871
118646872
118646873
118646874
118646875
118646876
118646877
118646878
118646879
118646880
118646881
118646882
118646883
118646884
118646885
118646886
118646887
118646888
118646889
118646890
118646891
118646892
118646893
118646894
118646895
118646896
118646898
118646899
118646903
118646904
118646905
118646906
118646908
118646909
118646912
118646913
118646914
118646915
118646916
118646917
118646919
118646920
118646921
118646922
118646924
118646925
118646926
118646927
118646928
118646929
118646930
118646931
118646932
118646933
118646934
118646935
118646936
118646937
118646938
118646940
118646941
118646942
118646943
118646944
118646945
118646946
118646947
118646948
118646949
118646950
118646951
118646952
118646953
118646954
118646955
118646956
118646957
118646958
118646959
118646960
118646961
118646962
118646963
118646964
118646965
118646966
118646967
118646968
118646969
118646970
118646971
118646972
118646973
118646974
118646975
118646976
118646977
118646978
118646979
118646980
118646981
118646982
118646983
118646984
118646985
118646986
118646987
118646988
118646989
118646990