234891591
234891609
234887375
234887376
234887376
234887377
234887378
234887378
234887379
234887380
234887383
234887384
234887384
234887385
234891591
234891592
234891593
234891594
234891594
234891594
234891594
234891594
234891595
234891596
234891596
234891597
234891598
234891599
234891599
234891600
234891601
234891601
234891602
234891602
234891602
234891602
234891602
234891603
234891603
234891603
234891603
234891604
234891604
234891604
234891604
234891604
234891604
234891604
234891604
234891602
234891604
234891602
234891604
234887376
234887377
234887383
541319
234891605
234891606
234891607
234891607
234891608
234891608
234891609
