422721
737716
355552
541312
541315
541314
541294
101204590
541295
541308
541329
541319
101204615
33623536
422721
541343
541350
204207
1489644
1489645
1489646
767883
231850
662514
662512
541293
541310
475507
101138803
541368
541311
16846699
541331
1170851
101204627
1489830
1489831
541296
1170852
101204592
1489821
541330
101204626
1489832
1489833
541298
101204594
1489824
16846706
33617057
33617058
67151249
67151248
16848594
16848597
16846703
16846702
541333
541355
1489795
16846701
1170884
1170850
737716
