105287
105294
105298
121551
370277
375718
404134
600674
628795
687524
906417
919492
927676
940161
974056
974057
1035719
1046933
1204979
1331114
1331115
1331117
1331118
1331119
1346376
1435209
1455052
1514283
1782146
1809139
1809140
1818526
1931173
1931174
1968466
1968470
1968472
2186468
2280467
2396581
2396584
2399544
16779716
16779717
16779728
16781896
16781897
16783731
16783732
16783733
16783734
16783735
16783736
16789034
16789035
16789036
16789037
16793095
16808256
16808327
16809979
16810109
16810110
16810111
16810112
16810113
16812836
16840079
16840080
16846386
16846387
16847188
16847189
16847190
16847191
16847192
16847193
16847194
16847195
16847196
16847197
16847198
16847199
100769387
100769388
100771262
100793001
100793003
100793004
100793005
100793006
100793007
100898015
100898016
100898017
100898018
100944992
100944993
100945677
100945678
100966845
100966846
100966847
100966848
100974332
