18466
846205
1344285
17983
583478
1342436
914478
1344284
384816
2186467
404132
404131
375716
384813
384814
375719
886134
903399
16787243
16787244
16779878
16779879
16847117
16847118
16847119
16847120
16847134
16847133
16847121
16847122
16847123
16847124
16845401
16845402
16847125
16847126
16787805
16787807
16787808
16787809
16787806
16787810
16847131
16847132
16847127
16847128
16843022
16843023
16847129
16847130
16789032
16789033
16843552
16843553
16847202
16785656
16789019
16789020
16787317
16812942
50676808
50647963
50400129
50514096
50640372
50369922
50487236
50510837
50526261
50496003
50429643
50629645
50430118
50606628
100793008
100732688
100732687
100732689
100794887
100794890
100957695
100957696
100944997
100944998
100944999
100945000
100964074
100999710
100898471
100999701
101001510
100772540
100875104
100930995
100952617
100743366
100807732
100743405
100743417
100743368
827568
956995
1589197
598551
550377
563199
1759434
1346370
974058
600672
974059
600673
974061
974060
324714
955435
594890
348747
1034691
212960
1346368
1346373
1968473
1968471
1968465
2234065
2234063
2234064
1968467
1968469
1968468
16783728
16783729
16783730
1344282
151381
1344283
885695
1025000
1159990
2396840
1325749
1024758
1322923
1024763
948921
1421379
1046884
1039489
2356370
1596709
1823066
797736
797737
797738
797739
797740
1851451
797744
797742
797743
1058710
797745
797741
797746
1823067
797748
797749
797747
1114109
797750
825241
963392
797753
797752
1039485
202587
651853
1124124
1124125
384561
408434
408435
