17983
18466
105287
105294
105298
121551
151381
212960
324714
348747
370277
375716
375718
375719
377424
384561
384813
384814
384816
404131
404132
404134
408434
408435
550377
563199
573773
583478
594890
598551
628795
767680
767681
827568
846205
859824
885695
886134
903399
914478
948921
955435
1024763
1025000
1034691
1036571
1039485
1039489
1046884
1051369
1159990
1204979
1322923
1325749
1342436
1344282
1344283
1344284
1344285
1421379
1455052
1460623
1514283
1589197
1596709
1793752
1793754
1793757
1818520
1818521
1818526
2186467
2186468
2273675
2280467
2302561
2396581
2396840
2399544
16793095
50369922
50487236
50510837
50514096
50526261
50640372
50647963
50676808
100772540
100793002
100793003
100793008
100875104
100898471
100930995
100952617
100964074
100974332
100999701
100999710
101001510
